Reentrance.sol,,580,DynaMOSA,false,false,0.5,2,4,0.5,12,24,0.5,6,12,0.5,2,10,0.2,8.084999799728394,1792.9850001335144,1801.0699999332428,183,2023,1
