TIME,SUBJECT,COVERAGE
0,Straight_Fire_Finance.sol,0
10,Straight_Fire_Finance.sol,61.11
25,Straight_Fire_Finance.sol,61.11
34,Straight_Fire_Finance.sol,61.11
47,Straight_Fire_Finance.sol,61.11
57,Straight_Fire_Finance.sol,61.11
66,Straight_Fire_Finance.sol,61.11
74,Straight_Fire_Finance.sol,61.11
87,Straight_Fire_Finance.sol,61.11
96,Straight_Fire_Finance.sol,61.11
102,Straight_Fire_Finance.sol,61.11
111,Straight_Fire_Finance.sol,61.11
123,Straight_Fire_Finance.sol,61.11
134,Straight_Fire_Finance.sol,61.11
141,Straight_Fire_Finance.sol,61.11
148,Straight_Fire_Finance.sol,61.11
156,Straight_Fire_Finance.sol,61.11
165,Straight_Fire_Finance.sol,61.11
176,Straight_Fire_Finance.sol,61.11
183,Straight_Fire_Finance.sol,61.11
196,Straight_Fire_Finance.sol,61.11
213,Straight_Fire_Finance.sol,61.11
226,Straight_Fire_Finance.sol,61.11
238,Straight_Fire_Finance.sol,61.11
249,Straight_Fire_Finance.sol,61.11
262,Straight_Fire_Finance.sol,61.11
271,Straight_Fire_Finance.sol,61.11
278,Straight_Fire_Finance.sol,61.11
289,Straight_Fire_Finance.sol,61.11
302,Straight_Fire_Finance.sol,61.11
316,Straight_Fire_Finance.sol,61.11
333,Straight_Fire_Finance.sol,61.11
347,Straight_Fire_Finance.sol,61.11
360,Straight_Fire_Finance.sol,61.11
372,Straight_Fire_Finance.sol,61.11
386,Straight_Fire_Finance.sol,61.11
396,Straight_Fire_Finance.sol,61.11
403,Straight_Fire_Finance.sol,61.11
413,Straight_Fire_Finance.sol,61.11
420,Straight_Fire_Finance.sol,61.11
433,Straight_Fire_Finance.sol,61.11
443,Straight_Fire_Finance.sol,61.11
455,Straight_Fire_Finance.sol,61.11
466,Straight_Fire_Finance.sol,61.11
478,Straight_Fire_Finance.sol,61.11
488,Straight_Fire_Finance.sol,61.11
494,Straight_Fire_Finance.sol,61.11
507,Straight_Fire_Finance.sol,61.11
518,Straight_Fire_Finance.sol,61.11
528,Straight_Fire_Finance.sol,61.11
539,Straight_Fire_Finance.sol,61.11
559,Straight_Fire_Finance.sol,61.11
572,Straight_Fire_Finance.sol,61.11
584,Straight_Fire_Finance.sol,61.11
596,Straight_Fire_Finance.sol,61.11
605,Straight_Fire_Finance.sol,61.11
615,Straight_Fire_Finance.sol,61.11
625,Straight_Fire_Finance.sol,61.11
633,Straight_Fire_Finance.sol,61.11
643,Straight_Fire_Finance.sol,61.11
650,Straight_Fire_Finance.sol,61.11
657,Straight_Fire_Finance.sol,61.11
669,Straight_Fire_Finance.sol,61.11
681,Straight_Fire_Finance.sol,61.11
689,Straight_Fire_Finance.sol,61.11
696,Straight_Fire_Finance.sol,61.11
703,Straight_Fire_Finance.sol,61.11
710,Straight_Fire_Finance.sol,61.11
718,Straight_Fire_Finance.sol,61.11
725,Straight_Fire_Finance.sol,61.11
732,Straight_Fire_Finance.sol,61.11
739,Straight_Fire_Finance.sol,61.11
749,Straight_Fire_Finance.sol,61.11
757,Straight_Fire_Finance.sol,61.11
764,Straight_Fire_Finance.sol,61.11
771,Straight_Fire_Finance.sol,61.11
780,Straight_Fire_Finance.sol,61.11
792,Straight_Fire_Finance.sol,61.11
800,Straight_Fire_Finance.sol,61.11
808,Straight_Fire_Finance.sol,61.11
813,Straight_Fire_Finance.sol,61.11
822,Straight_Fire_Finance.sol,61.11
832,Straight_Fire_Finance.sol,61.11
844,Straight_Fire_Finance.sol,61.11
852,Straight_Fire_Finance.sol,61.11
859,Straight_Fire_Finance.sol,61.11
866,Straight_Fire_Finance.sol,61.11
876,Straight_Fire_Finance.sol,61.11
883,Straight_Fire_Finance.sol,61.11
890,Straight_Fire_Finance.sol,61.11
898,Straight_Fire_Finance.sol,61.11
905,Straight_Fire_Finance.sol,61.11
912,Straight_Fire_Finance.sol,61.11
920,Straight_Fire_Finance.sol,61.11
930,Straight_Fire_Finance.sol,61.11
937,Straight_Fire_Finance.sol,61.11
945,Straight_Fire_Finance.sol,61.11
954,Straight_Fire_Finance.sol,61.11
961,Straight_Fire_Finance.sol,61.11
968,Straight_Fire_Finance.sol,61.11
976,Straight_Fire_Finance.sol,61.11
985,Straight_Fire_Finance.sol,61.11
991,Straight_Fire_Finance.sol,61.11
1000,Straight_Fire_Finance.sol,61.11
1008,Straight_Fire_Finance.sol,61.11
1016,Straight_Fire_Finance.sol,61.11
1025,Straight_Fire_Finance.sol,61.11
1032,Straight_Fire_Finance.sol,61.11
1041,Straight_Fire_Finance.sol,61.11
1050,Straight_Fire_Finance.sol,61.11
1058,Straight_Fire_Finance.sol,61.11
1065,Straight_Fire_Finance.sol,61.11
1073,Straight_Fire_Finance.sol,61.11
1083,Straight_Fire_Finance.sol,61.11
1091,Straight_Fire_Finance.sol,61.11
1100,Straight_Fire_Finance.sol,61.11
1106,Straight_Fire_Finance.sol,61.11
1115,Straight_Fire_Finance.sol,61.11
1125,Straight_Fire_Finance.sol,61.11
1132,Straight_Fire_Finance.sol,61.11
1140,Straight_Fire_Finance.sol,61.11
1148,Straight_Fire_Finance.sol,61.11
1156,Straight_Fire_Finance.sol,61.11
1163,Straight_Fire_Finance.sol,61.11
1173,Straight_Fire_Finance.sol,61.11
1182,Straight_Fire_Finance.sol,61.11
1189,Straight_Fire_Finance.sol,61.11
1198,Straight_Fire_Finance.sol,61.11
1205,Straight_Fire_Finance.sol,61.11
1214,Straight_Fire_Finance.sol,61.11
1222,Straight_Fire_Finance.sol,61.11
1230,Straight_Fire_Finance.sol,61.11
1238,Straight_Fire_Finance.sol,61.11
1245,Straight_Fire_Finance.sol,61.11
1255,Straight_Fire_Finance.sol,61.11
1264,Straight_Fire_Finance.sol,61.11
1271,Straight_Fire_Finance.sol,61.11
1280,Straight_Fire_Finance.sol,61.11
1289,Straight_Fire_Finance.sol,61.11
1298,Straight_Fire_Finance.sol,61.11
1307,Straight_Fire_Finance.sol,61.11
1317,Straight_Fire_Finance.sol,61.11
1323,Straight_Fire_Finance.sol,61.11
1331,Straight_Fire_Finance.sol,61.11
1339,Straight_Fire_Finance.sol,61.11
1348,Straight_Fire_Finance.sol,61.11
1356,Straight_Fire_Finance.sol,61.11
1363,Straight_Fire_Finance.sol,61.11
1373,Straight_Fire_Finance.sol,61.11
1383,Straight_Fire_Finance.sol,61.11
1392,Straight_Fire_Finance.sol,61.11
1403,Straight_Fire_Finance.sol,61.11
1411,Straight_Fire_Finance.sol,61.11
1420,Straight_Fire_Finance.sol,61.11
1432,Straight_Fire_Finance.sol,61.11
1438,Straight_Fire_Finance.sol,61.11
1445,Straight_Fire_Finance.sol,61.11
1453,Straight_Fire_Finance.sol,61.11
1461,Straight_Fire_Finance.sol,61.11
1469,Straight_Fire_Finance.sol,61.11
1477,Straight_Fire_Finance.sol,61.11
1492,Straight_Fire_Finance.sol,61.11
1502,Straight_Fire_Finance.sol,61.11
1513,Straight_Fire_Finance.sol,61.11
1524,Straight_Fire_Finance.sol,61.11
1534,Straight_Fire_Finance.sol,61.11
1546,Straight_Fire_Finance.sol,61.11
1556,Straight_Fire_Finance.sol,61.11
1568,Straight_Fire_Finance.sol,61.11
1578,Straight_Fire_Finance.sol,61.11
1589,Straight_Fire_Finance.sol,61.11
1596,Straight_Fire_Finance.sol,61.11
1605,Straight_Fire_Finance.sol,61.11
1612,Straight_Fire_Finance.sol,61.11
1621,Straight_Fire_Finance.sol,61.11
1635,Straight_Fire_Finance.sol,61.11
1642,Straight_Fire_Finance.sol,61.11
1648,Straight_Fire_Finance.sol,61.11
1655,Straight_Fire_Finance.sol,61.11
1664,Straight_Fire_Finance.sol,61.11
1672,Straight_Fire_Finance.sol,61.11
1680,Straight_Fire_Finance.sol,61.11
1690,Straight_Fire_Finance.sol,61.11
1700,Straight_Fire_Finance.sol,61.11
1706,Straight_Fire_Finance.sol,61.11
1714,Straight_Fire_Finance.sol,61.11
1723,Straight_Fire_Finance.sol,61.11
1732,Straight_Fire_Finance.sol,61.11
1739,Straight_Fire_Finance.sol,61.11
1746,Straight_Fire_Finance.sol,61.11
1755,Straight_Fire_Finance.sol,61.11
1764,Straight_Fire_Finance.sol,61.11
1773,Straight_Fire_Finance.sol,61.11
1782,Straight_Fire_Finance.sol,61.11
1788,Straight_Fire_Finance.sol,61.11
1796,Straight_Fire_Finance.sol,61.11
1800,Straight_Fire_Finance.sol,61.11
